count-vectorizer:
  max_df: 0.9964486658390322
  min_df: 0.01832513553891874
